4.559420289855072639e+01 2.272256728778467760e+01 5.124844720496894723e+01
3.530080447708989055e+01 4.296502273522210658e+01 5.540433718083245651e+01
4.365873015873015817e+01 3.605326617826617763e+01 5.791804029304029200e+01
2.102302631578947256e+01 5.674407894736842195e+01 5.442039473684210549e+01
2.373700988205291651e+01 6.739846987567739234e+01 6.148453936882371806e+01
3.935738539898132160e+01 5.967402376910016670e+01 6.673344651952461959e+01
2.299775280898876417e+01 4.618266452648474996e+01 4.886420545746388200e+01
3.265441959531416671e+01 5.461182108626198328e+01 6.169755058572950190e+01
3.895590327169274758e+01 6.681507823613087282e+01 6.951920341394026082e+01
2.906161137440758324e+01 5.857661927330173768e+01 6.172827804107424754e+01
1.535346358792184773e+01 6.109413854351687689e+01 4.552775310834813638e+01
1.956851642129105429e+01 4.667610419026047452e+01 3.430124575311437951e+01
1.267567567567567544e+01 6.297043918918918592e+01 3.446706081081081408e+01
1.468144499178981910e+01 7.545812807881773665e+01 5.478981937602627283e+01
1.180259499536608025e+01 7.933920296570899211e+01 5.082205746061167417e+01
1.458333333333333393e+01 8.417000000000000171e+01 5.606666666666666998e+01
1.050774336283185839e+01 7.800110619469026574e+01 4.504535398230088816e+01
1.992327365728900190e+01 8.252173913043478137e+01 6.223529411764705799e+01
4.048704663212435406e+01 7.665025906735750993e+01 7.168911917098445485e+01
2.107281553398058094e+01 9.104530744336570081e+01 6.055663430420712245e+01
3.124740532959326700e+01 9.072734922861150153e+01 6.694922861150070048e+01
2.443859649122806843e+01 1.000726817042606456e+02 5.695989974937343447e+01
4.006730769230769340e+01 8.388076923076923208e+01 7.189615384615385096e+01
1.785185185185185119e+01 9.053497942386830744e+01 5.765432098765432301e+01
1.560658307210031381e+01 9.563793103448276156e+01 5.169435736677115756e+01
5.253279242731575494e+01 4.429952670723461949e+01 5.943002028397565795e+01
5.340868794326241442e+01 4.855319148936170137e+01 5.430141843971631488e+01
5.233045729076790309e+01 3.106039689387402802e+01 5.118205349439171670e+01
5.315632754342431809e+01 3.498759305210918313e+01 4.186848635235732274e+01
4.699265032081474658e+01 2.851624010849987556e+01 4.203714352634306550e+01
2.977396893411890844e+01 3.461810391001606746e+01 3.622656668452061979e+01
1.516350123864574684e+01 5.963996696944673914e+01 2.796944673823286465e+01
2.987514318442153538e+01 3.721076746849942651e+01 3.000000000000000000e+01
4.406368330464715655e+01 8.113253012048193114e+01 7.083390705679862265e+01
4.819167983149025503e+01 8.032490784623486491e+01 7.098683517640863272e+01
5.174832535885167317e+01 7.826985645933014268e+01 6.647607655502392277e+01
3.147406984954646703e+01 7.524972027592201584e+01 6.847256259844658643e+01
1.130600387346675362e+01 8.274112330535830040e+01 4.443124596513879965e+01
1.031155778894472341e+01 8.223366834170853679e+01 3.393467336683416846e+01
1.109080459770114935e+01 8.043908045977011056e+01 3.610689655172414092e+01
4.825906546605013148e+01 1.369372110002433729e+01 3.509844244341689290e+01
4.552307692307692122e+01 1.919384615384615245e+01 4.233538461538461206e+01
4.637299958965941471e+01 2.810012310217480547e+01 2.747148132950348653e+01
5.351159420289855007e+01 3.280289855072463467e+01 2.440434782608695485e+01
5.312068965517241281e+01 3.649568965517241281e+01 3.624137931034482563e+01
2.335318487830139844e+01 5.611928189193854877e+01 1.850837217331261897e+01
3.607189542483660460e+01 6.064052287581699119e+01 9.960784313725490335e+00
2.879515228463351306e+01 7.542068637830408306e+01 1.054078345755060475e+01
2.465751211631663864e+01 6.790145395799676464e+01 7.579967689822294297e+00
1.855167173252279511e+01 8.451975683890577784e+01 1.671276595744680904e+01
3.030105346625024865e+01 7.883522775103907065e+01 4.541805576551303147e+01
3.602076335877862334e+01 8.058320610687023589e+01 4.634748091603053410e+01
5.595000000000000284e+01 4.842499999999999716e+01 4.995000000000000284e+01
1.554910392128792473e+01 9.158912451409135258e+01 3.231431554182061205e+01
2.817987152034261200e+01 9.732976445396145948e+01 4.316059957173447259e+01
3.602990654205607512e+01 9.165981308411214457e+01 5.720186915887850176e+01
2.919823788546255372e+01 9.319162995594713550e+01 4.256607929515418220e+01
2.989065420560747555e+01 8.915794392523363854e+01 4.689345794392523459e+01
2.628114478114478203e+01 8.855555555555555713e+01 4.224242424242424221e+01
3.344134078212290717e+01 9.746927374301675684e+01 5.577653631284916003e+01
2.755719557195572023e+01 4.607011070110701212e+01 3.125830258302583076e+01
2.482378815105767700e+01 5.870406727375535638e+01 2.362301875446101107e+01
2.089386792452830122e+01 7.281367924528301216e+01 2.666509433962264097e+01
2.396315789473684177e+01 7.212210526315789139e+01 1.869052631578947299e+01
2.863870094722598125e+01 6.992286874154262932e+01 1.513396481732070420e+01
3.109147609147609259e+01 7.924324324324324209e+01 1.676507276507276600e+01
3.348284859181950424e+01 5.338884199217250881e+01 3.693300590898626012e+01
4.287249012775885859e+01 4.344057335755456961e+01 1.600451724050241609e+01
5.249487733471258366e+01 4.892791225057736426e+01 3.942370783794679312e+01
3.372699378620104937e+01 6.544641990124769393e+01 1.750537318529660880e+01
3.465774212100011198e+01 6.202625318372700036e+01 3.056725833882059717e+01
4.151503515509445918e+01 5.044936996343617608e+01 1.611211144105616455e+01
5.234030378022954011e+01 4.895405681742009563e+01 2.107710091894358584e+01
4.788719717362045714e+01 5.362477868839325623e+01 2.719764929020060151e+01
4.150783407146447956e+01 7.022933693976359848e+01 3.628916972696342214e+01
4.611202637839371477e+01 6.862428881942973646e+01 4.061094913952406671e+01
5.515561117317221118e+01 6.543267090819033172e+01 1.567622803927204700e+01
5.274043778624630363e+01 5.820065733646116257e+01 1.695631161263576558e+01
5.258153800406112310e+01 6.949030957354079874e+01 1.760063728797808480e+01
4.432728579410647995e+01 6.697014853687629454e+01 2.108467777453248715e+01
4.856974845279227537e+01 9.249549950169790691e+01 6.085783504424951218e+01
4.814284025370121611e+01 9.061288101053706612e+01 4.551896051236067819e+01
4.423630672926447716e+01 8.066353677621283680e+01 4.618309859154929597e+01
5.313043478260869534e+01 8.078260869565217206e+01 5.508695652173913260e+01
4.634259259259259522e+01 8.124074074074074758e+01 5.505555555555555713e+01
5.326388888888888573e+01 8.004861111111111427e+01 4.859027777777777857e+01
4.996666666666666856e+01 7.900000000000000000e+01 5.293333333333333002e+01
4.813888888888888573e+01 8.170833333333332860e+01 5.337500000000000000e+01
4.688000000000000256e+01 8.292000000000000171e+01 2.523999999999999844e+01
4.789491890266302221e+01 9.035215249307861995e+01 3.189917359042070188e+01
3.896476964769647822e+01 9.466666666666667140e+01 2.709485094850948528e+01
3.633636363636363598e+01 1.018400000000000034e+02 2.250363636363636388e+01
4.163780918727915292e+01 1.036431095406360470e+02 3.616607773851590224e+01
4.875000000000000000e+01 1.066250000000000000e+02 3.512500000000000000e+01
5.478181818181818130e+01 1.042000000000000028e+02 3.739999999999999858e+01
5.430434782608695343e+01 1.070000000000000000e+02 3.295652173913043725e+01
5.270517928286852793e+01 1.060876494023904399e+02 3.526294820717131273e+01
5.057232704402515822e+01 8.962264150943396146e+01 1.508385744234800896e+01
5.006717044500420144e+01 1.019756507136859796e+02 2.021494542401343253e+01
4.139393939393939092e+01 1.005530303030302974e+02 3.032575757575757436e+01
5.181360946745562046e+01 9.335502958579881749e+01 1.824852071005917153e+01
4.093181818181817988e+01 1.020568181818181870e+02 2.611931818181818343e+01
4.343558282208589105e+01 1.005644171779141089e+02 2.574846625766871000e+01
3.839999999999999858e+01 1.033599999999999994e+02 2.648000000000000043e+01
5.487318840579710155e+01 9.541304347826087451e+01 2.725000000000000000e+01
4.733333333333333570e+01 1.068333333333333286e+02 3.600000000000000000e+01
5.136274509803921262e+01 1.032450980392156907e+02 3.930392156862745168e+01
5.455769230769230660e+01 1.055576923076923066e+02 3.065384615384615330e+01
4.789871244635192937e+01 9.504034334763947811e+01 2.575107296137339219e+01
5.600000000000000000e+01 1.019444444444444429e+02 2.858333333333333215e+01
4.746666666666666856e+01 1.063333333333333286e+02 3.193333333333333357e+01
4.975000000000000000e+01 1.062500000000000000e+02 3.166666666666666785e+01
3.235099337748344084e+01 1.128112582781457007e+02 2.896688741721854399e+01
3.026459143968871501e+01 1.064319066147859871e+02 2.176070038910505744e+01
4.861585365853658658e+01 1.277621951219512226e+02 2.752439024390243816e+01
5.377499999999999858e+01 1.298000000000000114e+02 2.752499999999999858e+01
5.045454545454545325e+01 9.898701298701298867e+01 1.140259740259740262e+01
4.905418719211822776e+01 1.218399014778325125e+02 2.637192118226601067e+01
3.980871670702179443e+01 1.282772397094431085e+02 2.005811138014527728e+01
3.745685840707964331e+01 1.212245575221238880e+02 2.025663716814159443e+01
3.790466926070038767e+01 1.116517509727626418e+02 1.987743190661478465e+01
3.729411764705882604e+01 1.247058823529411740e+02 2.735294117647058698e+01
5.306250000000000000e+01 1.077500000000000000e+02 2.687500000000000000e+01
4.341327623126338153e+01 1.085910064239828756e+02 1.123768736616702313e+01
4.300000000000000000e+01 1.181363636363636402e+02 1.286363636363636331e+01
5.336781609195402609e+01 1.253218390804597675e+02 2.537931034482758719e+01
5.267582417582417520e+01 1.136711145996860353e+02 1.737676609105180603e+01
5.298765432098765160e+01 1.202427983539094640e+02 8.061728395061727781e+00
4.732559825960841238e+01 1.167106598984771608e+02 1.813778100072516253e+01
4.239999999999999858e+01 1.122000000000000028e+02 2.400000000000000000e+01
4.450000000000000000e+01 1.189411764705882320e+02 1.608823529411764852e+01
4.397212543554007169e+01 1.234808362369337971e+02 9.087108013937282180e+00
5.330566037735849250e+01 1.118830188679245339e+02 1.145660377358490578e+01
4.766805411030176742e+01 1.277523413111342308e+02 1.611654526534859500e+01
4.499804305283757344e+01 1.278473581213307284e+02 1.782387475538160615e+01
5.070000000000000284e+01 1.276444444444444457e+02 1.417777777777777715e+01
4.230987124463518967e+01 1.147381974248927037e+02 1.917768240343347586e+01
5.360000000000000142e+01 1.139920000000000044e+02 2.521600000000000108e+01
4.540111420612813475e+01 1.161782729805013901e+02 1.023955431754874645e+01
5.372222222222222143e+01 1.238333333333333286e+02 2.111111111111111072e+01
5.449565217391304373e+01 1.154260869565217433e+02 2.819130434782608674e+01
4.929166666666666430e+01 1.088333333333333286e+02 8.500000000000000000e+00
4.000719424460431384e+01 1.108561151079136664e+02 3.084172661870503518e+01
4.774403470715834885e+01 1.125336225596529260e+02 3.064967462039045643e+01
4.341688654353561816e+01 1.167519788918205847e+02 3.017414248021108136e+01
4.116949152542373014e+01 1.114067796610169552e+02 3.524293785310734251e+01
3.955555555555555713e+01 1.166296296296296333e+02 2.837037037037037024e+01
5.464393939393939092e+01 1.254166666666666714e+02 2.224242424242424221e+01
3.742857142857143060e+01 1.130000000000000000e+02 3.421428571428571530e+01
0.000000000000000000e+00 0.000000000000000000e+00 0.000000000000000000e+00
0.000000000000000000e+00 0.000000000000000000e+00 0.000000000000000000e+00
5.454545454545454675e+01 1.127272727272727337e+02 3.818181818181817988e+01
5.036051282051282385e+01 1.096492307692307691e+02 4.899435897435897402e+01
4.587659187386294946e+01 1.132410551849605866e+02 5.505548817465130185e+01
4.975310173697270244e+01 1.230570719602977618e+02 5.849565756823821516e+01
4.983333333333333570e+01 1.284116465863453698e+02 5.136746987951806886e+01
5.107966101694915295e+01 1.279813559322033854e+02 4.429830508474576334e+01
5.074517374517374435e+01 1.265057915057915068e+02 3.615250965250965010e+01
4.992649098474340974e+01 1.194202496532593614e+02 3.606241331484049795e+01
3.367577988082719997e+01 1.107262530669470664e+02 5.440378548895898803e+01
2.733283858998144566e+01 1.182677179962894201e+02 4.959369202226345408e+01
3.132279260780287444e+01 1.241178644763860319e+02 3.899958932238192943e+01
3.764847512038523547e+01 1.236966292134831491e+02 3.711958266452648303e+01
2.001673056814221141e+01 1.114593935169048393e+02 2.571244336005576869e+01
2.550000000000000000e+01 1.053100303951367778e+02 2.676899696048632293e+01
4.745381526104417702e+01 1.172329317269076370e+02 4.210843373493975861e+01
3.848463356973995531e+01 1.152742316784869985e+02 3.974704491725768207e+01
3.182035928143712411e+01 1.118443113772455035e+02 3.647904191616766667e+01
4.521739130434782794e+01 1.133043478260869534e+02 3.767391304347825809e+01
6.840579710144928072e+01 2.272256728778467760e+01 5.124844720496894723e+01
7.869919552291011655e+01 4.296502273522210658e+01 5.540433718083245651e+01
7.034126984126984894e+01 3.605326617826617763e+01 5.791804029304029200e+01
9.297697368421052033e+01 5.674407894736842195e+01 5.442039473684210549e+01
9.026299011794708349e+01 6.739846987567739234e+01 6.148453936882371806e+01
7.464261460101867840e+01 5.967402376910016670e+01 6.673344651952461959e+01
9.100224719101123583e+01 4.618266452648474996e+01 4.886420545746388200e+01
8.134558040468583329e+01 5.461182108626198328e+01 6.169755058572950190e+01
7.504409672830725242e+01 6.681507823613087282e+01 6.951920341394026082e+01
8.493838862559240965e+01 5.857661927330173768e+01 6.172827804107424754e+01
9.864653641207814871e+01 6.109413854351687689e+01 4.552775310834813638e+01
9.443148357870894927e+01 4.667610419026047452e+01 3.430124575311437951e+01
1.013243243243243228e+02 6.297043918918918592e+01 3.446706081081081408e+01
9.931855500821018268e+01 7.545812807881773665e+01 5.478981937602627283e+01
1.021974050046339215e+02 7.933920296570899211e+01 5.082205746061167417e+01
9.941666666666667140e+01 8.417000000000000171e+01 5.606666666666666998e+01
1.034922566371681398e+02 7.800110619469026574e+01 4.504535398230088816e+01
9.407672634271099810e+01 8.252173913043478137e+01 6.223529411764705799e+01
7.351295336787563883e+01 7.665025906735750993e+01 7.168911917098445485e+01
9.292718446601941196e+01 9.104530744336570081e+01 6.055663430420712245e+01
8.275259467040673655e+01 9.072734922861150153e+01 6.694922861150070048e+01
8.956140350877193157e+01 1.000726817042606456e+02 5.695989974937343447e+01
7.393269230769230660e+01 8.388076923076923208e+01 7.189615384615385096e+01
9.614814814814815236e+01 9.053497942386830744e+01 5.765432098765432301e+01
9.839341692789969329e+01 9.563793103448276156e+01 5.169435736677115756e+01
6.146720757268424506e+01 4.429952670723461949e+01 5.943002028397565795e+01
6.059131205673758558e+01 4.855319148936170137e+01 5.430141843971631488e+01
6.166954270923209691e+01 3.106039689387402802e+01 5.118205349439171670e+01
6.084367245657568191e+01 3.498759305210918313e+01 4.186848635235732274e+01
6.700734967918526763e+01 2.851624010849987556e+01 4.203714352634306550e+01
8.422603106588108801e+01 3.461810391001606746e+01 3.622656668452061979e+01
9.883649876135424961e+01 5.963996696944673914e+01 2.796944673823286465e+01
8.412485681557846817e+01 3.721076746849942651e+01 3.000000000000000000e+01
6.993631669535284345e+01 8.113253012048193114e+01 7.083390705679862265e+01
6.580832016850973787e+01 8.032490784623486491e+01 7.098683517640863272e+01
6.225167464114832683e+01 7.826985645933014268e+01 6.647607655502392277e+01
8.252593015045351876e+01 7.524972027592201584e+01 6.847256259844658643e+01
1.026939961265332499e+02 8.274112330535830040e+01 4.443124596513879965e+01
1.036884422110552748e+02 8.223366834170853679e+01 3.393467336683416846e+01
1.029091954022988489e+02 8.043908045977011056e+01 3.610689655172414092e+01
6.574093453394986852e+01 1.369372110002433729e+01 3.509844244341689290e+01
6.847692307692307168e+01 1.919384615384615245e+01 4.233538461538461206e+01
6.762700041034058529e+01 2.810012310217480547e+01 2.747148132950348653e+01
6.048840579710144993e+01 3.280289855072463467e+01 2.440434782608695485e+01
6.087931034482758719e+01 3.649568965517241281e+01 3.624137931034482563e+01
9.064681512169860866e+01 5.611928189193854877e+01 1.850837217331261897e+01
7.792810457516338829e+01 6.064052287581699119e+01 9.960784313725490335e+00
8.520484771536648338e+01 7.542068637830408306e+01 1.054078345755060475e+01
8.934248788368336136e+01 6.790145395799676464e+01 7.579967689822294297e+00
9.544832826747720844e+01 8.451975683890577784e+01 1.671276595744680904e+01
8.369894653374974780e+01 7.883522775103907065e+01 4.541805576551303147e+01
7.797923664122137666e+01 8.058320610687023589e+01 4.634748091603053410e+01
5.804999999999999716e+01 4.842499999999999716e+01 4.995000000000000284e+01
9.845089607871207704e+01 9.158912451409135258e+01 3.231431554182061205e+01
8.582012847965738445e+01 9.732976445396145948e+01 4.316059957173447259e+01
7.797009345794393198e+01 9.165981308411214457e+01 5.720186915887850176e+01
8.480176211453743917e+01 9.319162995594713550e+01 4.256607929515418220e+01
8.410934579439252445e+01 8.915794392523363854e+01 4.689345794392523459e+01
8.771885521885522508e+01 8.855555555555555713e+01 4.224242424242424221e+01
8.055865921787709283e+01 9.746927374301675684e+01 5.577653631284916003e+01
8.644280442804428333e+01 4.607011070110701212e+01 3.125830258302583076e+01
8.917621184894233011e+01 5.870406727375535638e+01 2.362301875446101107e+01
9.310613207547169168e+01 7.281367924528301216e+01 2.666509433962264097e+01
9.003684210526316178e+01 7.212210526315789139e+01 1.869052631578947299e+01
8.536129905277401519e+01 6.992286874154262932e+01 1.513396481732070420e+01
8.290852390852390386e+01 7.924324324324324209e+01 1.676507276507276600e+01
8.051715140818049576e+01 5.338884199217250881e+01 3.693300590898626012e+01
7.112750987224114851e+01 4.344057335755456961e+01 1.600451724050241609e+01
6.150512266528740923e+01 4.892791225057736426e+01 3.942370783794679312e+01
8.027300621379893641e+01 6.544641990124769393e+01 1.750537318529660880e+01
7.934225787899990223e+01 6.202625318372700036e+01 3.056725833882059717e+01
7.248496484490554792e+01 5.044936996343617608e+01 1.611211144105616455e+01
6.165969621977045989e+01 4.895405681742009563e+01 2.107710091894358584e+01
6.611280282637953576e+01 5.362477868839325623e+01 2.719764929020060151e+01
7.249216592853552754e+01 7.022933693976359848e+01 3.628916972696342214e+01
6.788797362160629234e+01 6.862428881942973646e+01 4.061094913952406671e+01
5.884438882682778882e+01 6.543267090819033172e+01 1.567622803927204700e+01
6.125956221375368926e+01 5.820065733646116257e+01 1.695631161263576558e+01
6.141846199593887690e+01 6.949030957354079874e+01 1.760063728797808480e+01
6.967271420589352715e+01 6.697014853687629454e+01 2.108467777453248715e+01
6.543025154720771752e+01 9.249549950169790691e+01 6.085783504424951218e+01
6.585715974629877678e+01 9.061288101053706612e+01 4.551896051236067819e+01
6.976369327073552995e+01 8.066353677621283680e+01 4.618309859154929597e+01
6.086956521739130466e+01 8.078260869565217206e+01 5.508695652173913260e+01
6.765740740740740478e+01 8.124074074074074758e+01 5.505555555555555713e+01
6.073611111111111427e+01 8.004861111111111427e+01 4.859027777777777857e+01
6.403333333333333144e+01 7.900000000000000000e+01 5.293333333333333002e+01
6.586111111111111427e+01 8.170833333333332860e+01 5.337500000000000000e+01
6.712000000000000455e+01 8.292000000000000171e+01 2.523999999999999844e+01
6.610508109733696358e+01 9.035215249307861995e+01 3.189917359042070188e+01
7.503523035230352889e+01 9.466666666666667140e+01 2.709485094850948528e+01
7.766363636363635692e+01 1.018400000000000034e+02 2.250363636363636388e+01
7.236219081272085418e+01 1.036431095406360470e+02 3.616607773851590224e+01
6.525000000000000000e+01 1.066250000000000000e+02 3.512500000000000000e+01
5.921818181818181870e+01 1.042000000000000028e+02 3.739999999999999858e+01
5.969565217391304657e+01 1.070000000000000000e+02 3.295652173913043725e+01
6.129482071713147207e+01 1.060876494023904399e+02 3.526294820717131273e+01
6.342767295597484178e+01 8.962264150943396146e+01 1.508385744234800896e+01
6.393282955499579856e+01 1.019756507136859796e+02 2.021494542401343253e+01
7.260606060606060908e+01 1.005530303030302974e+02 3.032575757575757436e+01
6.218639053254437954e+01 9.335502958579881749e+01 1.824852071005917153e+01
7.306818181818181301e+01 1.020568181818181870e+02 2.611931818181818343e+01
7.056441717791410895e+01 1.005644171779141089e+02 2.574846625766871000e+01
7.559999999999999432e+01 1.033599999999999994e+02 2.648000000000000043e+01
5.912681159420289845e+01 9.541304347826087451e+01 2.725000000000000000e+01
6.666666666666665719e+01 1.068333333333333286e+02 3.600000000000000000e+01
6.263725490196078738e+01 1.032450980392156907e+02 3.930392156862745168e+01
5.944230769230769340e+01 1.055576923076923066e+02 3.065384615384615330e+01
6.610128755364806352e+01 9.504034334763947811e+01 2.575107296137339219e+01
5.800000000000000000e+01 1.019444444444444429e+02 2.858333333333333215e+01
6.653333333333333144e+01 1.063333333333333286e+02 3.193333333333333357e+01
6.425000000000000000e+01 1.062500000000000000e+02 3.166666666666666785e+01
8.164900662251656627e+01 1.128112582781457007e+02 2.896688741721854399e+01
8.373540856031128499e+01 1.064319066147859871e+02 2.176070038910505744e+01
6.538414634146340632e+01 1.277621951219512226e+02 2.752439024390243816e+01
6.022500000000000142e+01 1.298000000000000114e+02 2.752499999999999858e+01
6.354545454545454675e+01 9.898701298701298867e+01 1.140259740259740262e+01
6.494581280788176514e+01 1.218399014778325125e+02 2.637192118226601067e+01
7.419128329297819846e+01 1.282772397094431085e+02 2.005811138014527728e+01
7.654314159292036379e+01 1.212245575221238880e+02 2.025663716814159443e+01
7.609533073929961233e+01 1.116517509727626418e+02 1.987743190661478465e+01
7.670588235294117396e+01 1.247058823529411740e+02 2.735294117647058698e+01
6.093750000000000000e+01 1.077500000000000000e+02 2.687500000000000000e+01
7.058672376873661847e+01 1.085910064239828756e+02 1.123768736616702313e+01
7.100000000000000000e+01 1.181363636363636402e+02 1.286363636363636331e+01
6.063218390804597391e+01 1.253218390804597675e+02 2.537931034482758719e+01
6.132417582417582480e+01 1.136711145996860353e+02 1.737676609105180603e+01
6.101234567901234840e+01 1.202427983539094640e+02 8.061728395061727781e+00
6.667440174039158762e+01 1.167106598984771608e+02 1.813778100072516253e+01
7.159999999999999432e+01 1.122000000000000028e+02 2.400000000000000000e+01
6.950000000000000000e+01 1.189411764705882320e+02 1.608823529411764852e+01
7.002787456445992120e+01 1.234808362369337971e+02 9.087108013937282180e+00
6.069433962264150750e+01 1.118830188679245339e+02 1.145660377358490578e+01
6.633194588969823258e+01 1.277523413111342308e+02 1.611654526534859500e+01
6.900195694716242656e+01 1.278473581213307284e+02 1.782387475538160615e+01
6.329999999999999716e+01 1.276444444444444457e+02 1.417777777777777715e+01
7.169012875536481033e+01 1.147381974248927037e+02 1.917768240343347586e+01
6.039999999999999858e+01 1.139920000000000044e+02 2.521600000000000108e+01
6.859888579387185814e+01 1.161782729805013901e+02 1.023955431754874645e+01
6.027777777777777857e+01 1.238333333333333286e+02 2.111111111111111072e+01
5.950434782608695627e+01 1.154260869565217433e+02 2.819130434782608674e+01
6.470833333333334281e+01 1.088333333333333286e+02 8.500000000000000000e+00
7.399280575539569327e+01 1.108561151079136664e+02 3.084172661870503518e+01
6.625596529284165115e+01 1.125336225596529260e+02 3.064967462039045643e+01
7.058311345646438895e+01 1.167519788918205847e+02 3.017414248021108136e+01
7.283050847457627697e+01 1.114067796610169552e+02 3.524293785310734251e+01
7.444444444444444287e+01 1.166296296296296333e+02 2.837037037037037024e+01
5.935606060606060908e+01 1.254166666666666714e+02 2.224242424242424221e+01
7.657142857142856940e+01 1.130000000000000000e+02 3.421428571428571530e+01
1.140000000000000000e+02 0.000000000000000000e+00 0.000000000000000000e+00
1.140000000000000000e+02 0.000000000000000000e+00 0.000000000000000000e+00
5.945454545454545325e+01 1.127272727272727337e+02 3.818181818181817988e+01
6.363948717948717615e+01 1.096492307692307691e+02 4.899435897435897402e+01
6.812340812613705054e+01 1.132410551849605866e+02 5.505548817465130185e+01
6.424689826302730467e+01 1.230570719602977618e+02 5.849565756823821516e+01
6.416666666666665719e+01 1.284116465863453698e+02 5.136746987951806886e+01
6.292033898305084705e+01 1.279813559322033854e+02 4.429830508474576334e+01
6.325482625482625565e+01 1.265057915057915068e+02 3.615250965250965010e+01
6.407350901525659026e+01 1.194202496532593614e+02 3.606241331484049795e+01
8.032422011917279292e+01 1.107262530669470664e+02 5.440378548895898803e+01
8.666716141001855078e+01 1.182677179962894201e+02 4.959369202226345408e+01
8.267720739219711845e+01 1.241178644763860319e+02 3.899958932238192943e+01
7.635152487961477163e+01 1.236966292134831491e+02 3.711958266452648303e+01
9.398326943185779214e+01 1.114593935169048393e+02 2.571244336005576869e+01
8.850000000000000000e+01 1.053100303951367778e+02 2.676899696048632293e+01
6.654618473895581587e+01 1.172329317269076370e+02 4.210843373493975861e+01
7.551536643026004469e+01 1.152742316784869985e+02 3.974704491725768207e+01
8.217964071856287944e+01 1.118443113772455035e+02 3.647904191616766667e+01
6.878260869565217206e+01 1.133043478260869534e+02 3.767391304347825809e+01
