3.530080447708989055e+01 4.296502273522210658e+01 5.540433718083245651e+01
4.365873015873015817e+01 3.605326617826617763e+01 5.791804029304029200e+01
2.102302631578947256e+01 5.674407894736842195e+01 5.442039473684210549e+01
2.373700988205291651e+01 6.739846987567739234e+01 6.148453936882371806e+01
3.935738539898132160e+01 5.967402376910016670e+01 6.673344651952461959e+01
2.299775280898876417e+01 4.618266452648474996e+01 4.886420545746388200e+01
3.265441959531416671e+01 5.461182108626198328e+01 6.169755058572950190e+01
3.895590327169274758e+01 6.681507823613087282e+01 6.951920341394026082e+01
2.906161137440758324e+01 5.857661927330173768e+01 6.172827804107424754e+01
1.535346358792184773e+01 6.109413854351687689e+01 4.552775310834813638e+01
1.956851642129105429e+01 4.667610419026047452e+01 3.430124575311437951e+01
1.267567567567567544e+01 6.297043918918918592e+01 3.446706081081081408e+01
1.468144499178981910e+01 7.545812807881773665e+01 5.478981937602627283e+01
1.180259499536608025e+01 7.933920296570899211e+01 5.082205746061167417e+01
1.458333333333333393e+01 8.417000000000000171e+01 5.606666666666666998e+01
1.050774336283185839e+01 7.800110619469026574e+01 4.504535398230088816e+01
1.992327365728900190e+01 8.252173913043478137e+01 6.223529411764705799e+01
4.048704663212435406e+01 7.665025906735750993e+01 7.168911917098445485e+01
2.107281553398058094e+01 9.104530744336570081e+01 6.055663430420712245e+01
3.124740532959326700e+01 9.072734922861150153e+01 6.694922861150070048e+01
2.443859649122806843e+01 1.000726817042606456e+02 5.695989974937343447e+01
4.006730769230769340e+01 8.388076923076923208e+01 7.189615384615385096e+01
1.785185185185185119e+01 9.053497942386830744e+01 5.765432098765432301e+01
1.560658307210031381e+01 9.563793103448276156e+01 5.169435736677115756e+01
5.253279242731575494e+01 4.429952670723461949e+01 5.943002028397565795e+01
5.340868794326241442e+01 4.855319148936170137e+01 5.430141843971631488e+01
5.233045729076790309e+01 3.106039689387402802e+01 5.118205349439171670e+01
5.315632754342431809e+01 3.498759305210918313e+01 4.186848635235732274e+01
4.699265032081474658e+01 2.851624010849987556e+01 4.203714352634306550e+01
2.977396893411890844e+01 3.461810391001606746e+01 3.622656668452061979e+01
1.516350123864574684e+01 5.963996696944673914e+01 2.796944673823286465e+01
2.987514318442153538e+01 3.721076746849942651e+01 3.000000000000000000e+01
4.406368330464715655e+01 8.113253012048193114e+01 7.083390705679862265e+01
4.819167983149025503e+01 8.032490784623486491e+01 7.098683517640863272e+01
5.174832535885167317e+01 7.826985645933014268e+01 6.647607655502392277e+01
3.147406984954646703e+01 7.524972027592201584e+01 6.847256259844658643e+01
1.130600387346675362e+01 8.274112330535830040e+01 4.443124596513879965e+01
1.031155778894472341e+01 8.223366834170853679e+01 3.393467336683416846e+01
1.109080459770114935e+01 8.043908045977011056e+01 3.610689655172414092e+01
4.825906546605013148e+01 1.369372110002433729e+01 3.509844244341689290e+01
4.552307692307692122e+01 1.919384615384615245e+01 4.233538461538461206e+01
4.637299958965941471e+01 2.810012310217480547e+01 2.747148132950348653e+01
5.351159420289855007e+01 3.280289855072463467e+01 2.440434782608695485e+01
5.312068965517241281e+01 3.649568965517241281e+01 3.624137931034482563e+01
2.335318487830139844e+01 5.611928189193854877e+01 1.850837217331261897e+01
3.607189542483660460e+01 6.064052287581699119e+01 9.960784313725490335e+00
2.879515228463351306e+01 7.542068637830408306e+01 1.054078345755060475e+01
2.465751211631663864e+01 6.790145395799676464e+01 7.579967689822294297e+00
3.030105346625024865e+01 7.883522775103907065e+01 4.541805576551303147e+01
3.602076335877862334e+01 8.058320610687023589e+01 4.634748091603053410e+01
1.554910392128792473e+01 9.158912451409135258e+01 3.231431554182061205e+01
2.817987152034261200e+01 9.732976445396145948e+01 4.316059957173447259e+01
3.602990654205607512e+01 9.165981308411214457e+01 5.720186915887850176e+01
2.919823788546255372e+01 9.319162995594713550e+01 4.256607929515418220e+01
2.989065420560747555e+01 8.915794392523363854e+01 4.689345794392523459e+01
2.628114478114478203e+01 8.855555555555555713e+01 4.224242424242424221e+01
2.755719557195572023e+01 4.607011070110701212e+01 3.125830258302583076e+01
2.482378815105767700e+01 5.870406727375535638e+01 2.362301875446101107e+01
2.089386792452830122e+01 7.281367924528301216e+01 2.666509433962264097e+01
2.396315789473684177e+01 7.212210526315789139e+01 1.869052631578947299e+01
2.863870094722598125e+01 6.992286874154262932e+01 1.513396481732070420e+01
3.109147609147609259e+01 7.924324324324324209e+01 1.676507276507276600e+01
3.348284859181950424e+01 5.338884199217250881e+01 3.693300590898626012e+01
4.287249012775885859e+01 4.344057335755456961e+01 1.600451724050241609e+01
5.249487733471258366e+01 4.892791225057736426e+01 3.942370783794679312e+01
3.372699378620104937e+01 6.544641990124769393e+01 1.750537318529660880e+01
3.465774212100011198e+01 6.202625318372700036e+01 3.056725833882059717e+01
4.151503515509445918e+01 5.044936996343617608e+01 1.611211144105616455e+01
5.234030378022954011e+01 4.895405681742009563e+01 2.107710091894358584e+01
4.788719717362045714e+01 5.362477868839325623e+01 2.719764929020060151e+01
4.150783407146447956e+01 7.022933693976359848e+01 3.628916972696342214e+01
4.611202637839371477e+01 6.862428881942973646e+01 4.061094913952406671e+01
5.515561117317221118e+01 6.543267090819033172e+01 1.567622803927204700e+01
5.274043778624630363e+01 5.820065733646116257e+01 1.695631161263576558e+01
5.258153800406112310e+01 6.949030957354079874e+01 1.760063728797808480e+01
4.432728579410647995e+01 6.697014853687629454e+01 2.108467777453248715e+01
4.856974845279227537e+01 9.249549950169790691e+01 6.085783504424951218e+01
4.814284025370121611e+01 9.061288101053706612e+01 4.551896051236067819e+01
4.789491890266302221e+01 9.035215249307861995e+01 3.189917359042070188e+01
5.036051282051282385e+01 1.096492307692307691e+02 4.899435897435897402e+01
4.587659187386294946e+01 1.132410551849605866e+02 5.505548817465130185e+01
4.992649098474340974e+01 1.194202496532593614e+02 3.606241331484049795e+01
3.367577988082719997e+01 1.107262530669470664e+02 5.440378548895898803e+01
2.733283858998144566e+01 1.182677179962894201e+02 4.959369202226345408e+01
2.001673056814221141e+01 1.114593935169048393e+02 2.571244336005576869e+01
7.869919552291011655e+01 4.296502273522210658e+01 5.540433718083245651e+01
7.034126984126984894e+01 3.605326617826617763e+01 5.791804029304029200e+01
9.297697368421052033e+01 5.674407894736842195e+01 5.442039473684210549e+01
9.026299011794708349e+01 6.739846987567739234e+01 6.148453936882371806e+01
7.464261460101867840e+01 5.967402376910016670e+01 6.673344651952461959e+01
9.100224719101123583e+01 4.618266452648474996e+01 4.886420545746388200e+01
8.134558040468583329e+01 5.461182108626198328e+01 6.169755058572950190e+01
7.504409672830725242e+01 6.681507823613087282e+01 6.951920341394026082e+01
8.493838862559240965e+01 5.857661927330173768e+01 6.172827804107424754e+01
9.864653641207814871e+01 6.109413854351687689e+01 4.552775310834813638e+01
9.443148357870894927e+01 4.667610419026047452e+01 3.430124575311437951e+01
1.013243243243243228e+02 6.297043918918918592e+01 3.446706081081081408e+01
9.931855500821018268e+01 7.545812807881773665e+01 5.478981937602627283e+01
1.021974050046339215e+02 7.933920296570899211e+01 5.082205746061167417e+01
9.941666666666667140e+01 8.417000000000000171e+01 5.606666666666666998e+01
1.034922566371681398e+02 7.800110619469026574e+01 4.504535398230088816e+01
9.407672634271099810e+01 8.252173913043478137e+01 6.223529411764705799e+01
7.351295336787563883e+01 7.665025906735750993e+01 7.168911917098445485e+01
9.292718446601941196e+01 9.104530744336570081e+01 6.055663430420712245e+01
8.275259467040673655e+01 9.072734922861150153e+01 6.694922861150070048e+01
8.956140350877193157e+01 1.000726817042606456e+02 5.695989974937343447e+01
7.393269230769230660e+01 8.388076923076923208e+01 7.189615384615385096e+01
9.614814814814815236e+01 9.053497942386830744e+01 5.765432098765432301e+01
9.839341692789969329e+01 9.563793103448276156e+01 5.169435736677115756e+01
6.146720757268424506e+01 4.429952670723461949e+01 5.943002028397565795e+01
6.059131205673758558e+01 4.855319148936170137e+01 5.430141843971631488e+01
6.166954270923209691e+01 3.106039689387402802e+01 5.118205349439171670e+01
6.084367245657568191e+01 3.498759305210918313e+01 4.186848635235732274e+01
6.700734967918526763e+01 2.851624010849987556e+01 4.203714352634306550e+01
8.422603106588108801e+01 3.461810391001606746e+01 3.622656668452061979e+01
9.883649876135424961e+01 5.963996696944673914e+01 2.796944673823286465e+01
8.412485681557846817e+01 3.721076746849942651e+01 3.000000000000000000e+01
6.993631669535284345e+01 8.113253012048193114e+01 7.083390705679862265e+01
6.580832016850973787e+01 8.032490784623486491e+01 7.098683517640863272e+01
6.225167464114832683e+01 7.826985645933014268e+01 6.647607655502392277e+01
8.252593015045351876e+01 7.524972027592201584e+01 6.847256259844658643e+01
1.026939961265332499e+02 8.274112330535830040e+01 4.443124596513879965e+01
1.036884422110552748e+02 8.223366834170853679e+01 3.393467336683416846e+01
1.029091954022988489e+02 8.043908045977011056e+01 3.610689655172414092e+01
6.574093453394986852e+01 1.369372110002433729e+01 3.509844244341689290e+01
6.847692307692307168e+01 1.919384615384615245e+01 4.233538461538461206e+01
6.762700041034058529e+01 2.810012310217480547e+01 2.747148132950348653e+01
6.048840579710144993e+01 3.280289855072463467e+01 2.440434782608695485e+01
6.087931034482758719e+01 3.649568965517241281e+01 3.624137931034482563e+01
9.064681512169860866e+01 5.611928189193854877e+01 1.850837217331261897e+01
7.792810457516338829e+01 6.064052287581699119e+01 9.960784313725490335e+00
8.520484771536648338e+01 7.542068637830408306e+01 1.054078345755060475e+01
8.934248788368336136e+01 6.790145395799676464e+01 7.579967689822294297e+00
8.369894653374974780e+01 7.883522775103907065e+01 4.541805576551303147e+01
7.797923664122137666e+01 8.058320610687023589e+01 4.634748091603053410e+01
9.845089607871207704e+01 9.158912451409135258e+01 3.231431554182061205e+01
8.582012847965738445e+01 9.732976445396145948e+01 4.316059957173447259e+01
7.797009345794393198e+01 9.165981308411214457e+01 5.720186915887850176e+01
8.480176211453743917e+01 9.319162995594713550e+01 4.256607929515418220e+01
8.410934579439252445e+01 8.915794392523363854e+01 4.689345794392523459e+01
8.771885521885522508e+01 8.855555555555555713e+01 4.224242424242424221e+01
8.644280442804428333e+01 4.607011070110701212e+01 3.125830258302583076e+01
8.917621184894233011e+01 5.870406727375535638e+01 2.362301875446101107e+01
9.310613207547169168e+01 7.281367924528301216e+01 2.666509433962264097e+01
9.003684210526316178e+01 7.212210526315789139e+01 1.869052631578947299e+01
8.536129905277401519e+01 6.992286874154262932e+01 1.513396481732070420e+01
8.290852390852390386e+01 7.924324324324324209e+01 1.676507276507276600e+01
8.051715140818049576e+01 5.338884199217250881e+01 3.693300590898626012e+01
7.112750987224114851e+01 4.344057335755456961e+01 1.600451724050241609e+01
6.150512266528740923e+01 4.892791225057736426e+01 3.942370783794679312e+01
8.027300621379893641e+01 6.544641990124769393e+01 1.750537318529660880e+01
7.934225787899990223e+01 6.202625318372700036e+01 3.056725833882059717e+01
7.248496484490554792e+01 5.044936996343617608e+01 1.611211144105616455e+01
6.165969621977045989e+01 4.895405681742009563e+01 2.107710091894358584e+01
6.611280282637953576e+01 5.362477868839325623e+01 2.719764929020060151e+01
7.249216592853552754e+01 7.022933693976359848e+01 3.628916972696342214e+01
6.788797362160629234e+01 6.862428881942973646e+01 4.061094913952406671e+01
5.884438882682778882e+01 6.543267090819033172e+01 1.567622803927204700e+01
6.125956221375368926e+01 5.820065733646116257e+01 1.695631161263576558e+01
6.141846199593887690e+01 6.949030957354079874e+01 1.760063728797808480e+01
6.967271420589352715e+01 6.697014853687629454e+01 2.108467777453248715e+01
6.543025154720771752e+01 9.249549950169790691e+01 6.085783504424951218e+01
6.585715974629877678e+01 9.061288101053706612e+01 4.551896051236067819e+01
6.610508109733696358e+01 9.035215249307861995e+01 3.189917359042070188e+01
6.363948717948717615e+01 1.096492307692307691e+02 4.899435897435897402e+01
6.812340812613705054e+01 1.132410551849605866e+02 5.505548817465130185e+01
6.407350901525659026e+01 1.194202496532593614e+02 3.606241331484049795e+01
8.032422011917279292e+01 1.107262530669470664e+02 5.440378548895898803e+01
8.666716141001855078e+01 1.182677179962894201e+02 4.959369202226345408e+01
9.398326943185779214e+01 1.114593935169048393e+02 2.571244336005576869e+01
